      4    75
      3    55
      3   343
      3   279
      3    20
      3   165
      2   340
      2   322
      2   321
      2   283
      2    28
      2   26
      2   170
      2   138
      2   116
      2   115
      1    98
      1    97
      1   967
      1    95
      1     9
      1   893
      1    84
      1   834
      1    83
      1    80
      1    76
      1    74
      1   73
      1    73
      1    69
      1    68
      1    67
      1    66
      1    65
      1    64
      1   61
      1   60
      1   535
      1   511
      1    50
      1   497
      1    49
      1   489
      1    48
      1   476
      1   47
      1    47
      1   469
      1   462
      1   46
      1   450
      1   443
      1   436
      1   429
      1   422
      1   420
      1   412
      1   402
      1    38
      1    37
      1   36
      1    36
      1   35
      1   34
      1   33
      1    33
      1   324
      1   312
      1   311
      1   31
      1    31
      1   30
      1    30
      1   29
      1    29
      1   288
      1   287
      1   285
      1   282
      1   266
      1   264
      1   263
      1   253
      1    25
      1   245
      1    24
      1   239
      1    23
      1   22
      1   217
      1   216
      1   215
      1   213
      1   212
      1   21
      1   206
      1   202
      1   201
      1   20
      1   198
      1   196
      1   195
      1   192
      1    19
      1   183
      1   173
      1   166
      1   163
      1   16
      1    16
      1   153
      1   151
      1    15
      1   147
      1    14
      1   134
      1   125
      1   12
      1    12
      1   119
      1   117
      1   111
      1   105
      1   104
      1    10
